[0m[38;2;93;93;91;48;2;99;99;97m━[38;2;93;93;92m━━━━━━━━━━━━━[38;2;101;101;100;48;2;98;98;97m╎[38;2;110;110;107;48;2;102;102;100m╍[38;2;107;106;104;48;2;104;104;102m▘[38;2;112;112;109;48;2;99;99;97m▃[38;2;108;108;106;48;2;96;96;95m▃[38;2;93;93;92;48;2;99;99;98m━[48;2;99;99;97m━━━━━━━━━━━━[38;2;93;93;90;48;2;99;99;96m━[0m
[38;2;94;93;92;48;2;99;98;97m┷[38;2;94;94;92;48;2;98;98;97m┷┷┷[38;2;93;94;92m┷[38;2;103;103;101;48;2;95;95;94m▃[38;2;104;104;101m▃[38;2;106;105;103m▃[38;2;94;94;92;48;2;98;98;97m┷┷┷[38;2;94;93;92m┷[38;2;101;101;100;48;2;95;95;94m▃[38;2;109;109;108m▃[38;2;115;115;113;48;2;96;97;94m▂[38;2;123;122;119;48;2;97;97;95m▃[38;2;119;119;116;48;2;100;100;97m▃[48;2;102;102;100m▃[38;2;97;97;95;48;2;111;111;108m┴[38;2;117;117;114;48;2;95;95;93m▆[38;2;112;112;110;48;2;91;91;90m▆[38;2;111;110;108;48;2;92;92;90m▆[38;2;117;117;114;48;2;95;95;94m▃[38;2;103;103;101m▃[38;2;94;93;92;48;2;98;98;97m┷[38;2;94;94;92;48;2;98;99;97m┷[48;2;98;98;97m┷┷┷┷┷[38;2;93;94;92m┷[38;2;99;98;96;48;2;87;87;85m▇[0m
[38;2;99;99;98;48;2;90;89;88m▆[48;2;90;90;88m▆▆▆▆[38;2;100;101;97;48;2;87;86;82m▋[38;2;82;81;78;48;2;100;99;97m▄[38;2;84;82;80;48;2;99;98;96m▖[38;2;99;99;98;48;2;90;90;88m▆▆[38;2;109;109;108;48;2;94;94;93m▃[38;2;109;109;107;48;2;89;89;87m▆[38;2;99;99;97;48;2;110;110;108m─[38;2;115;115;113;48;2;100;100;98m▆[38;2;111;111;109;48;2;125;125;122m▋[38;2;124;123;120;48;2;111;110;107m▏[38;2;102;102;99;48;2;112;112;109m─[38;2;113;114;112;48;2;111;110;108m┋[38;2;118;119;117;48;2;114;114;111m╺[38;2;123;123;120;48;2;111;110;108m▃[38;2;116;117;114;48;2;102;102;100m▆[38;2;116;115;113;48;2;100;100;98m▆[38;2;114;114;112;48;2;98;98;96m▆[38;2;99;99;97;48;2;112;112;110m─[38;2;113;113;110;48;2;98;98;95m▃[38;2;104;104;102;48;2;95;95;93m▂[38;2;99;99;98;48;2;90;90;88m▆▆▆▆▆▆[38;2;99;99;96;48;2;90;89;87m▆[0m
[38;2;99;99;97;48;2;88;87;86m▆[38;2;75;74;70;48;2;95;95;93m▗[38;2;50;50;51;48;2;92;92;90m▂[38;2;88;89;88;48;2;95;95;94m▁[38;2;98;99;96;48;2;88;88;86m▆[38;2;88;88;86;48;2;57;56;54m▘[38;2;53;53;53;48;2;42;42;42m▄[38;2;51;51;50;48;2;95;95;95m▍[38;2;109;109;107;48;2;94;94;92m▂[38;2;121;121;118;48;2;101;101;99m▂[38;2;128;128;125;48;2;105;105;103m▂[38;2;117;117;114;48;2;103;104;101m▂[38;2;118;117;114;48;2;107;107;105m▂[38;2;122;121;118;48;2;108;108;105m▂[38;2;120;121;118;48;2;114;114;111m╱[38;2;113;112;110;48;2;99;98;96m▆[38;2;115;115;112;48;2;97;98;96m▆[38;2;116;116;113;48;2;96;95;93m▆[38;2;118;118;115;48;2;104;103;101m▂[38;2;117;117;113;48;2;106;106;103m▂[38;2;110;110;108;48;2;97;96;95m▆[38;2;126;126;123;48;2;101;100;98m▅[38;2;122;122;120;48;2;103;102;100m▅[38;2;137;137;134;48;2;108;108;105m▂[38;2;125;125;122;48;2;105;105;103m▂[38;2;122;122;118;48;2;101;101;98m▆[38;2;105;104;99;48;2;97;97;96m╻[38;2;99;99;97;48;2;88;88;86m▆▆▆▆[38;2;99;99;98m▆[38;2;99;99;96;48;2;88;87;85m▆[0m
[38;2;99;98;97;48;2;87;87;85m▆[38;2;69;69;68;48;2;89;88;85m▚[38;2;84;83;80;48;2;48;48;46m▃[38;2;43;43;43;48;2;63;64;64m▇[38;2;49;49;49;48;2;74;74;72m▅[38;2;55;55;55;48;2;52;52;52m┯[38;2;49;49;49;48;2;55;54;54m▃[38;2;57;57;57;48;2;94;95;94m▌[38;2;117;117;115;48;2;97;97;96m▅[38;2;125;125;123;48;2;106;106;103m╺[38;2;116;115;112;48;2;96;95;92m▘[38;2;87;86;83;48;2;101;101;98m▃[38;2;88;88;86;48;2;117;118;117m▋[38;2;127;127;124;48;2;105;104;102m▂[38;2;109;109;106;48;2;94;94;92m▆[38;2;112;112;110;48;2;100;100;98m▅[38;2;118;117;115;48;2;105;105;102m▂[38;2;121;120;118;48;2;102;102;100m▂[38;2;129;129;126;48;2;101;101;99m▂[38;2;127;127;124;48;2;105;105;102m▅[38;2;117;117;113;48;2;80;81;78m▅[38;2;101;101;97;48;2;82;82;79m▅[38;2;116;116;112;48;2;86;86;83m▂[38;2;84;84;81;48;2;100;100;97m━[38;2;79;79;75;48;2;108;108;104m━[38;2;79;79;76;48;2;106;107;104m╸[38;2;106;106;103;48;2;88;88;85m╍[38;2;107;106;103;48;2;91;91;89m▂[38;2;98;98;97;48;2;87;87;85m▆▆[38;2;98;98;96m▆[38;2;104;105;100;48;2;89;89;87m╸[38;2;111;110;105;48;2;90;90;86m▂[0m
[38;2;105;105;103;48;2;91;91;90m▂[38;2;61;60;57;48;2;94;94;92m▝[38;2;54;53;52;48;2;74;74;73m▇[38;2;77;77;77;48;2;55;55;54m┕[38;2;94;93;88;48;2;55;55;55m╴[38;2;46;46;46m▂[38;2;57;57;57;48;2;50;50;50m┈[38;2;75;76;75;48;2;100;100;98m▌[38;2;115;115;111;48;2;91;91;88m▂[38;2;74;72;70;48;2;96;96;93m╻[38;2;78;76;73;48;2;89;89;86m╷[38;2;118;118;115;48;2;77;78;76m▁[38;2;91;91;88;48;2;109;110;109m▊[38;2;132;132;129;48;2;114;114;112m▂[38;2;115;114;112;48;2;99;98;96m▅[38;2;128;127;124;48;2;104;104;101m▃[38;2;95;95;91;48;2;115;115;112m▃[38;2;92;91;88;48;2;120;120;117m▃[38;2;96;96;93;48;2;121;121;118m▃[38;2;87;87;83;48;2;115;115;111m▃[38;2;108;108;105;48;2;84;84;81m▁[38;2;84;83;79;48;2;114;115;112m▝[38;2;83;82;80;48;2;92;92;90m┒[38;2;87;86;84;48;2;100;100;97m▖[38;2;113;113;109;48;2;99;99;96m▂[38;2;113;113;110m▂[38;2;107;107;103;48;2;86;86;83m▅[38;2;110;110;105;48;2;89;88;85m▂[38;2;98;97;95;48;2;96;96;94m╴[38;2;67;66;63;48;2;93;93;91m▗[38;2;52;51;50;48;2;73;73;71m▆[38;2;43;43;43;48;2;74;73;71m▄[38;2;47;46;46;48;2;71;69;67m▅[0m
[38;2;104;104;102;48;2;90;90;89m▂▂[38;2;51;50;48;48;2;91;91;88m▝[38;2;44;45;45;48;2;50;50;50m╴[38;2;53;52;52;48;2;55;56;56m▂[38;2;41;41;41;48;2;53;52;52m▝[38;2;56;57;57;48;2;81;82;80m▌[38;2;88;88;85;48;2;70;69;68m▘[38;2;79;79;77;48;2;100;99;96m▗[38;2;63;62;59;48;2;79;79;78m▍[38;2;119;119;117;48;2;88;88;87m▗[38;2;107;106;102;48;2;73;74;74m▊[38;2;81;81;77;48;2;97;97;94m▝[38;2;101;102;99;48;2;88;88;85m▂[38;2;73;72;68;48;2;92;93;91m▍[38;2;93;93;89;48;2;113;113;110m▆[38;2;92;92;88;48;2;78;78;75m▏[38;2;93;93;90m┇[38;2;91;92;89;48;2;79;79;76m╺[38;2;99;98;96m━[38;2;97;97;93;48;2;82;83;80m┳[38;2;102;103;100;48;2;86;86;83m▄[38;2;112;112;108;48;2;87;87;84m▁[38;2;70;68;66;48;2;83;82;80m╻[38;2;71;70;68;48;2;91;91;89m▖[38;2;70;69;67;48;2;84;83;81m╴[38;2;90;89;87;48;2;99;99;96m▃[38;2;106;106;103;48;2;98;98;95m┈[38;2;57;56;54;48;2;86;86;83m▗[38;2;44;45;45;48;2;50;50;50m╴[38;2;57;57;57;48;2;54;54;54m┈[38;2;76;76;76;48;2;56;57;57m▁[38;2;59;59;58;48;2;81;81;78m▚[0m
[38;2;102;102;100;48;2;90;90;89m▂[38;2;107;107;105;48;2;91;91;89m▁[38;2;102;102;100;48;2;90;90;89m▂[38;2;95;95;93;48;2;75;75;73m▆[38;2;89;90;86;48;2;58;57;56m▖[38;2;58;57;57;48;2;56;55;55m┈[38;2;53;54;54;48;2;77;77;75m▋[38;2;95;95;91;48;2;71;71;70m┢[38;2;65;64;63;48;2;86;86;86m▇[38;2;57;57;57;48;2;77;76;74m▄[38;2;92;93;92;48;2;107;107;105m▏[38;2;124;124;121;48;2;113;113;111m▅[38;2;72;72;70;48;2;104;103;100m▚[38;2;104;103;100;48;2;98;98;95m┿[38;2;67;69;70;48;2;89;88;85m┞[38;2;84;84;81;48;2;98;98;95m▝[38;2;97;97;94;48;2;91;91;87m▆[38;2;73;73;70;48;2;94;93;89m▝[38;2;100;100;97;48;2;79;79;76m╻[48;2;81;81;79m┗[38;2;99;99;96;48;2;82;82;79m▆[38;2;89;88;85;48;2;99;100;97m▃[38;2;88;87;84;48;2;108;108;105m▇[38;2;88;87;83;48;2;68;67;65m▊[38;2;63;63;62;48;2;77;76;74m▝[38;2;71;70;68;48;2;87;86;83m▌[38;2;68;67;65;48;2;85;85;82m▗[38;2;57;56;55;48;2;82;81;78m▆[38;2;55;55;55;48;2;58;57;57m▆[38;2;45;44;44;48;2;56;56;56m▁[38;2;64;64;63;48;2;55;54;55m╺[38;2;68;67;66;48;2;58;57;57m╹[38;2;45;45;45;48;2;55;55;55m▗[0m
[38;2;107;107;105;48;2;91;91;89m▁[38;2;112;112;109;48;2;98;98;96m┕[38;2;117;117;113;48;2;92;92;89m▁[38;2;40;40;40;48;2;88;88;86m╶[38;2;56;55;55;48;2;78;78;76m▆[38;2;110;110;108;48;2;74;73;72m▖[38;2;95;95;91;48;2;65;65;64m▁[38;2;69;70;71;48;2;87;86;84m▎[38;2;94;94;90;48;2;61;60;59m▋[38;2;72;72;70;48;2;92;92;92m▝[38;2;103;104;101;48;2;79;79;77m▃[38;2;96;96;92;48;2;106;106;105m╷[38;2;105;105;103;48;2;115;114;111m▃[38;2;122;122;118;48;2;85;85;82m▁[38;2;92;91;88;48;2;80;80;78m▊[38;2;96;96;94;48;2;66;65;63m╸[38;2;60;60;59;48;2;83;82;80m▂[38;2;83;83;80;48;2;115;115;111m▇[38;2;79;78;77;48;2;90;90;87m▃[38;2;87;86;83;48;2;79;78;75m┛[38;2;75;75;73;48;2;98;98;93m▇[38;2;68;67;65;48;2;97;96;92m▇[38;2;68;68;66;48;2;82;82;79m▋[38;2;85;84;82;48;2;97;96;93m▇[38;2;95;94;92;48;2;73;72;70m▅[38;2;75;75;74;48;2;99;99;96m▃[38;2;92;91;87;48;2;57;56;55m▖[38;2;43;43;43;48;2;53;53;53m╼[38;2;54;54;54;48;2;48;47;47m▄[38;2;50;50;50;48;2;54;54;54m▘[38;2;47;47;47;48;2;56;56;56m▄[48;2;53;53;53m┲[38;2;70;69;66;48;2;50;50;49m▗[0m
[38;2;97;96;95;48;2;91;90;89m┈[38;2;89;89;86;48;2;114;114;112m▇[38;2;104;104;102;48;2;116;116;113m▆[38;2;84;84;80;48;2;98;98;95m▝[38;2;73;73;72;48;2;101;101;99m▘[38;2;100;100;97;48;2;118;118;115m▇[38;2;66;64;61;48;2;92;92;90m╎[38;2;106;105;103;48;2;75;74;73m▄[38;2;82;81;80;48;2;95;95;93m┢[38;2;108;108;106;48;2;132;131;128m▇[38;2;101;101;99;48;2;122;122;119m▇[38;2;115;114;112;48;2;95;95;93m▁[38;2;103;103;101;48;2;121;121;119m▇[38;2;102;102;100;48;2;121;120;117m▇[38;2;106;105;103;48;2;80;79;76m▇[38;2;102;101;98;48;2;82;82;81m▍[38;2;95;95;92;48;2;56;56;56m▆[38;2;85;85;81;48;2;62;62;60m▁[38;2;61;61;61;48;2;86;85;82m▆[38;2;88;88;85;48;2;70;69;67m─[38;2;85;85;83;48;2;65;65;63m╾[38;2;102;103;98;48;2;58;58;57m╴[38;2;63;63;62;48;2;87;86;84m▆[38;2;64;63;61;48;2;97;96;92m▇[38;2;83;83;81;48;2;59;58;56m▋[38;2;60;59;59;48;2;90;92;92m▊[38;2;96;95;91;48;2;65;63;61m▋[38;2;68;67;66;48;2;52;52;52m▁[38;2;69;69;68;48;2;56;56;55m▁[38;2;70;69;67;48;2;56;55;55m▁[38;2;69;69;67;48;2;52;52;52m▁[38;2;95;95;92;48;2;49;49;49m▁[38;2;96;96;93;48;2;45;45;44m▂[0m
[38;2;83;82;80;48;2;93;93;91m┍[38;2;87;86;85m╎[38;2;107;107;105;48;2;98;98;96m━[38;2;111;111;108;48;2;96;95;93m▅[38;2;113;113;111;48;2;104;104;101m▎[38;2;101;100;96;48;2;111;110;108m┄[38;2;92;92;89;48;2;117;117;114m▆[38;2;94;94;91;48;2;129;129;126m▇[38;2;90;89;85;48;2;67;66;65m╸[38;2;77;78;79;48;2;114;114;112m▖[38;2;123;122;119;48;2;114;114;111m┓[38;2;103;102;100;48;2;125;125;122m▇[38;2;102;101;99;48;2;126;126;123m▇[48;2;123;123;120m▇[38;2;102;102;100;48;2;125;124;122m▇[38;2;105;105;102;48;2;129;128;125m▇[38;2;125;125;122;48;2;109;109;106m━[48;2;110;109;107m┈[38;2;93;93;89;48;2;118;118;115m▂[38;2;107;107;102;48;2;85;85;82m▘[38;2;91;90;87;48;2;83;82;79m┈[38;2;61;59;56;48;2;77;77;75m╱[38;2;81;81;79;48;2;100;101;98m▆[38;2;109;108;102;48;2;59;58;57m▘[38;2;55;56;57;48;2;95;95;93m▍[38;2;106;106;103;48;2;93;93;91m┺[38;2;90;90;88;48;2;104;103;100m▃[38;2;119;119;117;48;2;93;93;90m▁[38;2;98;98;95;48;2;70;69;67m▆[38;2;88;87;81;48;2;58;57;55m▏[38;2;47;47;47;48;2;106;105;102m▇[48;2;104;104;101m▇[38;2;68;67;65;48;2;81;80;77m▆[0m
[38;2;94;94;92;48;2;111;110;108m▇[38;2;93;93;91;48;2;107;107;105m▇[38;2;91;91;90;48;2;109;109;107m▇[38;2;96;96;94;48;2;127;127;124m▇[38;2;91;91;90;48;2;111;111;108m▖[38;2;84;83;80;48;2;119;118;114m▆[38;2;78;79;76;48;2;101;100;99m▊[38;2;96;95;92;48;2;120;119;116m▇[38;2;64;63;62;48;2;88;88;84m▆[38;2;70;67;65;48;2;60;60;59m╴[38;2;55;54;55;48;2;108;108;107m▖[38;2;100;101;99;48;2;118;117;115m╶[38;2;101;100;96;48;2;108;107;105m╺[38;2;98;97;95;48;2;109;109;107m▃[38;2;100;99;97;48;2;115;114;111m▆▆[38;2;102;101;99;48;2;110;110;106m▃[38;2;84;84;80;48;2;96;95;92m━[38;2;74;74;72;48;2;86;86;84m╴[38;2;76;75;73;48;2;105;105;102m▅[38;2;87;87;84;48;2;70;69;68m┸[38;2;82;82;80;48;2;62;61;60m▘[38;2;56;56;56;48;2;79;79;75m▇[38;2;97;98;96;48;2;65;65;65m┍[38;2;102;102;98;48;2;84;84;82m━[38;2;118;118;116;48;2;97;97;94m▗[38;2;103;102;99;48;2;111;110;108m╎[38;2;107;107;104;48;2;139;138;135m▇[38;2;83;82;80;48;2;102;101;97m▃[38;2;102;102;99;48;2;67;66;64m▂[38;2;39;39;39;48;2;42;42;41m┈[38;2;41;42;42;48;2;68;67;65m▌[38;2;63;63;63;48;2;84;83;81m▍[0m
[38;2;98;98;97;48;2;111;111;109m▆[38;2;93;92;91;48;2;125;125;122m▆[38;2;91;91;90;48;2;124;124;121m▆[38;2;99;99;97;48;2;117;117;114m▆[38;2;88;88;84;48;2;112;112;108m▂[38;2;99;99;95;48;2;86;86;84m┺[38;2;119;120;117;48;2;92;92;90m━[38;2;100;100;96;48;2;89;87;84m▌[38;2;69;68;66;48;2;82;80;78m▆[38;2;59;58;57;48;2;68;68;66m╺[38;2;73;72;70;48;2;66;66;64m╶[38;2;125;125;123;48;2;75;75;75m▝[38;2;90;89;88;48;2;110;109;107m▂[38;2;95;95;92;48;2;108;108;105m▗[38;2;96;95;91m╶[38;2;73;72;71;48;2;106;106;103m╺[38;2;81;81;78;48;2;118;117;114m▆[38;2;84;84;81;48;2;111;111;107m▆[38;2;72;72;70;48;2;96;96;92m▆[38;2;58;58;57;48;2;87;87;84m━[38;2;86;85;82;48;2;59;58;58m▖[38;2;48;48;48;48;2;57;56;56m▁[38;2;60;60;61;48;2;87;87;86m▌[38;2;89;87;85;48;2;95;94;91m╷[38;2;91;91;88;48;2;80;80;76m▅[38;2;94;94;91;48;2;131;131;129m▇[38;2;97;97;94;48;2;119;119;115m▆[38;2;117;117;113;48;2;93;93;90m╼[38;2;110;110;107;48;2;102;102;97m▊[38;2;66;65;63;48;2;113;113;109m▆[38;2;58;57;55;48;2;49;49;49m▏[38;2;42;42;42;48;2;53;52;52m▚[38;2;52;54;57;48;2;93;93;91m▏[0m
[38;2;94;94;92;48;2;115;114;112m▆[38;2;90;90;88;48;2;100;101;98m▂[38;2;86;86;83;48;2;101;101;99m▁[38;2;90;90;87;48;2;110;110;108m▖[38;2;108;108;105;48;2;95;94;89m▊[38;2;111;111;108;48;2;94;94;92m┷[38;2;95;95;92;48;2;113;113;110m▆[38;2;98;98;96;48;2;110;110;107m▆[38;2;94;94;92;48;2;107;107;104m▆[38;2;105;105;104;48;2;95;96;93m─[38;2;95;95;93;48;2;115;115;111m▆[38;2;92;92;90;48;2;111;110;107m▘[38;2;97;97;95;48;2;119;118;116m▂[38;2;102;101;99;48;2;122;122;119m▆[38;2;108;108;106;48;2;137;137;134m▆[38;2;82;80;77;48;2;118;118;114m▁[38;2;66;65;63;48;2;90;90;85m▆[38;2;82;82;80;48;2;69;68;67m▝[38;2;61;61;59;48;2;104;103;100m▅[38;2;57;57;56;48;2;99;97;93m▆[38;2;78;78;77;48;2;55;54;54m▃[38;2;78;77;75;48;2;63;62;62m▃[38;2;97;96;94;48;2;69;68;66m▄[38;2;107;108;104;48;2;86;86;83m╼[38;2;113;113;111;48;2;88;88;85m▗[38;2;118;118;115;48;2;93;94;90m▅[38;2;120;120;117;48;2;99;99;95m▄[38;2;101;102;100;48;2;121;121;118m▘[38;2;110;109;106;48;2;70;68;65m▋[38;2;42;42;42;48;2;56;56;56m▘[38;2;57;57;57;48;2;55;55;55m▆[38;2;55;55;55;48;2;42;43;43m▌[38;2;66;65;65;48;2;92;91;89m▖[0m
[38;2;89;89;87;48;2;101;101;99m▂[38;2;67;66;66;48;2;95;94;92m▂[38;2;114;113;110;48;2;95;95;91m▘[38;2;82;81;78;48;2;103;102;100m▆[38;2;86;86;84;48;2;101;100;99m▘[38;2;61;61;60;48;2;103;102;100m╺[38;2;100;99;97;48;2;123;123;120m▆[38;2;88;87;85;48;2;103;103;100m▁[38;2;95;95;93;48;2;108;107;106m▆[48;2;105;105;103m▆[38;2;92;92;91;48;2;106;107;105m▆[38;2;95;95;94;48;2;112;111;109m▅[38;2;103;103;101;48;2;119;119;117m▆[38;2;120;120;117;48;2;107;107;105m─[38;2;98;98;96;48;2;112;112;109m▂[38;2;105;104;99;48;2;73;72;70m▎[38;2;86;85;84;48;2;66;65;63m▁[38;2;84;84;82;48;2;63;62;61m▄[38;2;88;87;84;48;2;53;54;54m▇[38;2;86;85;82;48;2;75;74;71m▎[38;2;90;89;86;48;2;73;73;71m╺[38;2;77;77;75;48;2;89;88;85m▂[38;2;91;90;89;48;2;106;106;103m▂[38;2;84;83;78;48;2;105;105;101m▝[38;2;117;117;115;48;2;85;85;82m▝[38;2;62;61;59;48;2;125;125;121m▆[38;2;73;72;70;48;2;100;100;96m▇[38;2;56;55;55;48;2;85;84;81m▂[38;2;59;59;58;48;2;96;95;93m▂[38;2;57;56;56;48;2;83;83;80m▝[38;2;65;64;62;48;2;54;54;54m▂[38;2;76;76;77;48;2;48;48;48m▁[38;2;67;68;68;48;2;99;98;94m▋[0m
[38;2;104;103;101;48;2;93;93;91m▇[38;2;93;92;88;48;2;60;59;58m▖[38;2;57;56;56;48;2;109;109;109m▖[38;2;101;100;97;48;2;122;121;118m▁[38;2;90;90;86;48;2;111;110;106m▅[38;2;92;92;88;48;2;108;108;106m▆[38;2;102;102;100;48;2;119;119;115m▆[38;2;101;101;100;48;2;119;118;116m▎[38;2;96;95;93;48;2;108;107;105m▂[38;2;112;113;111;48;2;105;105;103m┐[38;2;99;98;96;48;2;115;115;112m▂[38;2;108;108;105;48;2;101;101;98m▖[38;2;96;96;94;48;2;106;106;104m▆[38;2;95;95;93;48;2;110;110;108m▅[38;2;106;106;105;48;2;99;99;97m╌[38;2;105;105;102;48;2;93;93;91m▄[38;2;113;113;111;48;2;107;108;105m╶[38;2;102;102;97;48;2;80;80;77m▍[38;2;73;73;71;48;2;85;85;83m▁[38;2;90;89;86;48;2;70;69;67m▅[48;2;69;68;66m▄[38;2;96;96;92;48;2;76;75;74m▄[38;2;79;78;77;48;2;84;83;81m╵[38;2;83;82;79;48;2;66;64;62m▊[38;2;53;52;52;48;2;57;56;56m╴[38;2;58;57;57;48;2;42;42;42m▆[38;2;56;56;56;48;2;40;40;40m▆[38;2;65;65;66;48;2;53;53;53m▁[38;2;88;88;87;48;2;54;53;53m▃[38;2;93;93;90;48;2;56;56;56m▂[38;2;55;54;54;48;2;68;67;65m▆[48;2;70;70;70m▇[38;2;59;59;60;48;2;95;95;92m▖[0m
[38;2;93;92;90;48;2;114;113;111m▂[38;2;111;111;108;48;2;85;84;81m▇[38;2;103;103;101;48;2;79;79;79m▄[38;2;73;72;69;48;2;110;110;106m╺[38;2;77;77;75;48;2;99;99;97m▌[38;2;76;75;73;48;2;100;99;95m▂[38;2;51;51;51;48;2;93;92;89m▁[38;2;67;66;65;48;2;109;109;107m▆[38;2;61;60;60;48;2;118;117;115m▅[38;2;65;65;64;48;2;111;111;109m▃[38;2;64;64;64;48;2;114;114;111m▂[38;2;92;92;91;48;2;109;109;107m▁[38;2;118;118;115;48;2;111;111;109m╲[38;2;102;101;99;48;2;115;115;112m▂[38;2;100;99;98;48;2;107;107;104m▂[38;2;109;109;106;48;2;101;100;98m┒[38;2;99;99;96;48;2;101;101;100m▆[38;2;91;91;89;48;2;101;101;99m┯[38;2;93;93;91m━[38;2;96;96;93;48;2;112;112;109m▅[38;2;103;103;101;48;2;96;96;93m▝[38;2;95;95;92;48;2;109;109;105m▅[38;2;89;89;87;48;2;97;97;94m▂[38;2;97;97;95;48;2;77;77;73m▆[38;2;91;91;89;48;2;53;52;52m▆[38;2;92;92;90m▆[38;2;94;94;92;48;2;54;53;54m▆[38;2;89;89;88;48;2;103;103;101m▂[38;2;95;95;93;48;2;111;111;108m▅[38;2;96;96;94;48;2;110;110;107m▅[38;2;89;89;87;48;2;105;105;103m▂[38;2;97;97;95;48;2;63;62;61m▅[38;2;79;79;81;48;2;99;98;94m▘[0m
[38;2;91;90;89;48;2;99;99;97m▂[38;2;90;90;89;48;2;99;99;98m▂▂[38;2;86;86;83;48;2;111;112;110m▁[38;2;121;121;118;48;2;97;95;91m▋[38;2;94;94;91;48;2;72;72;69m▆[38;2;99;98;95;48;2;57;57;56m▅[38;2;99;99;97;48;2;60;60;59m▆[38;2;98;98;96;48;2;55;54;54m▅[38;2;98;98;95;48;2;52;52;52m▅[38;2;105;105;102;48;2;54;53;53m▄[38;2;103;103;100;48;2;71;70;70m▂[38;2;76;77;76;48;2;103;103;101m▖[38;2;82;82;79;48;2;107;107;105m▝[38;2;69;68;66;48;2;103;103;101m▆[38;2;61;61;61;48;2;111;110;108m▅[38;2;63;63;63;48;2;106;106;104m▃[38;2;65;65;65;48;2;109;109;107m▁[38;2;111;111;108;48;2;108;108;106m▘[38;2;109;109;107;48;2;96;96;94m▇[38;2;109;108;106;48;2;89;89;86m▇[38;2;108;108;105;48;2;91;91;89m▆[38;2;110;111;108;48;2;99;99;96m▃[38;2;110;110;108;48;2;100;100;98m▃[38;2;109;109;107;48;2;97;97;95m▃[38;2;88;88;86;48;2;102;102;100m━[48;2;101;101;99m━[48;2;100;100;97m━[38;2;90;90;89;48;2;99;99;97m━[38;2;87;87;84m▁[38;2;91;91;89;48;2;99;99;98m▂[38;2;90;90;89m▂[38;2;91;90;88;48;2;99;99;96m▂[0m
[38;2;94;94;92;48;2;99;98;97m┯[48;2;98;98;97m┯[48;2;99;98;97m┯[38;2;101;101;99;48;2;112;112;109m▊[38;2;110;110;107;48;2;104;104;101m▌[38;2;92;92;89;48;2;101;101;99m╅[38;2;86;84;82;48;2;99;99;96m▗[38;2;77;77;76;48;2;97;96;95m▖[38;2;94;94;93;48;2;101;101;99m┭[38;2;80;80;77;48;2;105;105;102m╺[38;2;84;84;81;48;2;102;102;98m━[38;2;102;101;99;48;2;84;83;81m▝[38;2;112;111;108;48;2;100;100;98m┖[38;2;76;75;71;48;2;107;107;105m▗[38;2;63;63;64;48;2;104;103;102m▖[38;2;103;103;100;48;2;59;58;57m▅[38;2;107;107;104;48;2;54;54;54m▄[38;2;98;98;94;48;2;57;57;57m▅[38;2;79;79;76;48;2;96;96;94m▄[38;2;77;77;74;48;2;106;106;104m▅[38;2;61;61;60;48;2;100;100;98m▂[38;2;79;79;78;48;2;108;107;105m▂[38;2;96;95;93;48;2;111;110;108m▁[38;2;113;113;110;48;2;106;106;104m▃[38;2;103;103;101;48;2;110;109;107m━[48;2;109;109;107m━[48;2;110;109;107m━━━[38;2;103;102;100;48;2;108;108;105m╾[38;2;110;109;107;48;2;90;90;88m▆[38;2;115;115;112;48;2;100;101;98m▃[38;2;112;111;107;48;2;96;96;93m▃[0m
[38;2;94;94;92;48;2;99;98;97m┷[48;2;99;99;97m┷┷[38;2;93;93;92;48;2;99;99;98m━[38;2;106;106;104;48;2;114;114;112m▌[38;2;123;123;119;48;2;91;91;88m▆[38;2;106;106;102;48;2;90;89;86m▎[38;2;100;100;97;48;2;72;71;70m▆[38;2;94;94;92;48;2;100;100;98m┺[38;2;116;116;113;48;2;96;96;94m▂[38;2;73;72;71;48;2;101;101;98m┬[38;2;69;68;66;48;2;94;93;90m╺[38;2;113;113;112;48;2;90;90;87m┏[38;2;84;84;79;48;2;59;58;57m▘[38;2;54;54;54;48;2;47;47;47m▇[38;2;75;75;72;48;2;93;94;92m▄[38;2;60;60;61;48;2;101;102;100m▂[38;2;113;113;110;48;2;87;87;84m▆[38;2;115;115;112;48;2;76;76;73m▃[38;2;90;89;86;48;2;54;53;52m▆[38;2;69;69;68;48;2;93;93;91m▖[38;2;92;91;89;48;2;102;102;98m▂[38;2;96;96;94;48;2;115;116;113m▉[38;2;127;127;124;48;2;101;100;97m▅[38;2;126;125;123;48;2;108;108;106m▖[38;2;94;94;92;48;2;110;110;107m┐[38;2;111;111;109;48;2;107;107;105m╺[38;2;109;109;107;48;2;107;106;104m┋[38;2;118;118;115;48;2;107;107;105m▃[38;2;106;106;104;48;2;107;107;104m┉[38;2;107;107;105;48;2;106;106;103m╹[38;2;105;107;105;48;2;109;108;106m╷[38;2;106;106;104;48;2;102;101;97m▍[0m
[38;2;100;99;97;48;2;90;90;89m▆[38;2;99;99;98m▆▆▆▆[38;2;94;94;93;48;2;103;103;101m┹[38;2;110;110;107;48;2;86;85;82m▆[38;2;104;104;102;48;2;95;95;92m▃[38;2;102;102;100;48;2;96;96;94m▃[38;2;64;63;61;48;2;102;102;100m▇[38;2;89;89;88;48;2;53;53;53m▂[38;2;56;55;56;48;2;106;106;105m▘[38;2;101;100;96;48;2;62;61;59m▋[38;2;56;55;55;48;2;54;54;54m┭[38;2;106;107;108;48;2;59;59;60m▗[38;2;106;105;99;48;2;60;59;58m▍[38;2;55;55;55;48;2;53;52;52m▆[38;2;59;59;60;48;2;101;101;101m▌[38;2;120;121;118;48;2;104;103;101m▝[38;2;81;81;78;48;2;116;116;113m━[38;2;88;88;87;48;2;110;110;106m╍[38;2;114;113;111;48;2;97;97;93m▆[38;2;115;115;113;48;2;98;98;95m▃[38;2;109;109;108;48;2;127;127;124m▏[38;2;131;131;128;48;2;111;111;108m▆[38;2;122;121;118;48;2;99;99;96m▃[38;2;107;107;104;48;2;98;98;96m▂[38;2;108;108;106;48;2;95;95;93m▃[38;2;99;99;98;48;2;90;90;89m▆▆▆▆[38;2;100;99;96;48;2;90;90;88m▆[0m
[38;2;99;99;97;48;2;88;88;87m▆[38;2;99;99;98m▆▆▆▆[48;2;89;89;87m▆[38;2;92;92;90;48;2;102;102;100m┬[38;2;103;103;101;48;2;89;88;87m▆[38;2;88;86;83;48;2;102;102;99m▝[38;2;105;105;103;48;2;71;71;70m▗[38;2;94;94;92;48;2;104;104;101m╴[38;2;103;103;100;48;2;96;95;92m▎[38;2;76;73;70;48;2;56;55;54m▍[38;2;86;86;84;48;2;59;59;58m▃[38;2;104;103;100;48;2;75;74;73m▆[38;2;68;66;62;48;2;54;53;53m▏[38;2;56;56;56;48;2;54;54;54m╸[38;2;51;51;51;48;2;55;55;55m┈[38;2;115;116;113;48;2;90;90;88m┓[38;2;103;103;101;48;2;88;87;85m▗[48;2;114;114;111m▍[38;2;106;106;102;48;2;122;122;119m┴[38;2;95;95;94;48;2;127;127;124m▘[38;2;128;128;124;48;2;114;114;112m▆[38;2;100;100;97;48;2;124;124;121m▄[38;2;123;123;120;48;2;110;109;107m▘[38;2;114;113;111;48;2;93;93;90m▆[38;2;113;114;110;48;2;97;97;94m▂[38;2;111;111;109;48;2;101;101;98m━[38;2;110;110;108;48;2;95;95;94m▃[38;2;106;106;104;48;2;95;95;93m▂[38;2;99;99;98;48;2;88;88;87m▆[38;2;99;99;96;48;2;88;88;86m▆[0m
[38;2;106;106;104;48;2;93;93;91m▂[48;2;93;93;92m▂▂[38;2;99;99;98;48;2;87;87;86m▆[38;2;118;118;115;48;2;93;93;91m▂[38;2;110;110;106;48;2;95;95;93m▂[38;2;114;114;112;48;2;96;96;94m▂[38;2;134;135;132;48;2;101;101;100m▂[38;2;117;117;114;48;2;74;72;69m▋[38;2;90;89;87;48;2;53;53;53m▂[38;2;116;116;114;48;2;65;65;64m▂[38;2;87;86;82;48;2;71;70;68m▂[38;2;51;50;50;48;2;53;52;52m▗[38;2;52;51;51;48;2;56;55;56m┈[38;2;54;53;53;48;2;89;88;85m▆[38;2;120;120;117;48;2;63;63;61m▂[38;2;45;44;44;48;2;53;52;52m▁[38;2;57;55;55;48;2;51;51;51m╲[38;2;104;105;106;48;2;68;68;68m▗[38;2;131;131;126;48;2;99;99;96m▂[38;2;113;113;110m▚[38;2;96;96;92;48;2;113;113;111m▗[38;2;86;87;83;48;2;112;112;108m▄[38;2;134;134;131;48;2;87;87;84m▂[38;2;129;130;127;48;2;92;92;90m▅[38;2;131;131;128;48;2;102;102;100m▆[38;2;143;143;139;48;2;121;121;118m▂[38;2;130;130;127;48;2;102;101;99m▆[38;2;135;134;131;48;2;101;100;98m▂[38;2;122;122;119;48;2;93;93;91m▂[38;2;117;117;114;48;2;98;98;96m▁[38;2;117;117;115;48;2;97;97;95m▂[38;2;111;110;106;48;2;93;92;90m▂[0m