Flickering Candlelight
Genshin Impact OST
Tabbed by JIN WEI
Standard tuning

= 120
Free tempo

s.guit.

1

7
5
5
7

0

7

7

2

7

(7)

5

3

3

2

3

sl.

5

3

5

3

1

In Tempo
4

S

(2)
(2)
(0)

8

0

0

2

S

0

0

(2) 2
(2)
(0)

12

16

20

24

5

3

0

3

0

0
1
2
X
X

0 0 0

0
1
2
0

0
1
X
X

0

0

0
1
2
X
X

0 0 0

0
1
2
0

0
1
X
X

0

X
X
X

0

0
3

0

0

2

2

0
2
2
0

2

0

2

2

3

0

3

0

3

0

0
0
0

1

0

3

X
X
X
X

0

0

3

0

1

X
X
X

3

X
X
X

1

X
X
X
X

3

0

2

X
X
X
X

0
0
0

1

0

X
X
X

1

3

X
X
X
X

0
2
2
0

1 X
X
X
X

0

X
X
X

1
2
3

X
X
X
3

0
1
2
X

0

0
2
2
0

2

11

0

3

4

3

1

X
X

0

3

X
X
X
X

26

3

0

X

1

0

0
1
2
X

0

2

X
X
X
X

0

1
2
2
0

5

6

7

0
0
2
3

3

1

0

2

5

0

X
X
X

3

4

0

0

0

X
X
X

2

2

X
X
X

0

23

2

X
X
X
X

1
1

2

30

3

1

X
X
X

0 0 0

5

X
X
X
X

2

2

0
2

6

7

5

5

1

1

X
X
X

19

0
1
2
3

5

0

2

5
5
6
7
0

4

0

15

0 0 0

2
1
2

0

H

29

1

0

0
5

0
1
2
3

2

22

25

3

3

18

0
2
2
0

1

7

0

2

3

21

0

0

17

3

0

2

10

0

X
X
X
X

0

(2)
(2)
(0)

14

1

X
X
X

S

6

3

13

0

0
1
2
2
0

1
2
3

2
2
0

2

9

0
1
2
2
0

28

0

0

X
X
X
X

1

X
X

5

0
0
2
3

27

1

3

7
5 X
4 X
X

7
5
4

0

X

0

31

1

X
X
X
X

0

1
2
2
0

X
X
X
X

4

0

0

0

X
X
X

7
5
4

2

7
5
4

0

1

3

6

4

X
X
X

1

X
X
X

0

8

2

5

0

7

0

1/2

H
32

8
6
8

36

X
X
X

33

8

X

6

8

0
1
2
0

X
X
X

0

0

8

8

10

X
X
X

8 10 7

X

10

34

10 X
X

8

X

37

0

3

1

38

0

1

3

0
0
0

3

3

5
5
5
7

X
X
X

35

5
5

5

7

X
X
X

7

9
10
9

9 X
10 X
9 X

10
10
9

9

0

0

0

0

X

39

0
0
0
2
3

3

3

3

1

3

0

0
2
3

3

1

3

10

0

X
X
X

9

X

0

1

3
sl.

40

5

5

5

41

5

7

7

8

10

42

7

10

8

5

5

5

43

7

12

0

0

0

0

3

5
5
5

3

3
sl.

44

0
1
2
0

45

3

1

0

2

1

0

3

3

7
8

46

(7)
(8)

47

10

7

9

10

0

0

3

3

3

3

P
48

(10) 12 10 9

7

9

49

5
5
6
7
7
5

2/2

