[/usr/share/desktop-base/ceratopsian-theme/wallpaper/contents/images/1920x1080.svg]
LastModified=1755466382
NaturalSize=1920,1080

[/usr/share/plasma/desktoptheme/default/dialogs/background.svgz]
10073894268193224147=0,10,6,6
10381502490288572271=151,48,6,6
11357506272335937429=95,48,16,16
11575624958859488481=95,16,16,32
12631166174393842251=63,48,32,16
13906861282932936978=0,16,6,32
13926343904275549160=151,10,6,6
13936194268941533841=47,48,16,16
14141300799183652020=0,48,6,6
14250990832420507331=20,10,4,1.000000082740371e-08
14403285542195333924=6,16,32,32
14407650546743408366=119,16,32,32
14428958576536342332=0,30,9.9999999e-09,4
14945741192725816016=47,16,16,32
15189296912788075264=38,10,6,6
15640211827404561558=63,0,32,16
15888333348880207243=38,16,6,32
16544461814832542420=40,30,4,4
16609793721461512939=47,0,16,16
17015842245069574002=0,30,4,4
17530809731041423366=20,50,4,4
18114262711090078165=0,0,5,5
18239815217960573765=151,16,6,32
2303565996971653511=76,54,2,10
3338274857737921694=113,16,6,32
375762725605752047=119,47.9999785,32.00000800000001,6.000021500000003
3867717887937028615=20,54,4,1.000000082740371e-08
5827167839167162582=101,33,10,2
5882730236187124416=47,29,10,2
6022940796911487224=113,48,6,6
6221199199841538366=6,10,32,6
6371887863911495127=113,10,6,6
654266739842393418=95,0,16,16
6842446598427985929=20,10,4,4
7989452899181803603=119,10,31.999989999999997,6.000021
8800182012890579911=38,48,6,6
8967786593978370549=44,30,1.000000082740371e-08,4
9369310257012823541=6,48,32,6
960809778739120835=76,0,2,10
Invalidelements=1057692622,1918685665,2617811329,1967205017,1883208926,636497633,2834881660,3069804996,1094987962,2728873096,4116538109,2489923904,501237660,2941605651,4239655086
LastModified=1765309939
NaturalSize=157,64

[/usr/share/plasma/desktoptheme/default/solid/dialogs/background.svgz]
11197000266029610576=20,10,4,9.99999905104687e-09
11644636191116626905=113,9.9999999,6,6.000000099999999
1638274273359253099=151,48,6,6
16406517951542066893=0,30,4,4
16972330834151504056=43.999996,30,1.000000082740371e-08,4
17013828733012468846=37.999998,16,6,32
17805884976225950310=0,30,9.9999999e-09,4
18065246627448530444=5.9999984,9.9999999,32,6
2487383239257276443=-1.614502e-06,16,6,32
2978086249258477955=20,10,4,4
3960982076493078479=39.999996,30,4,4
6115075764796692140=5.9999984,48,32,6
618034923051944736=151,9.9999999,6,6.000000099999999
618726435288064439=151,16,6,32
6225974078883138349=113,48,6,6
7342016214628337426=0,0,5,5
7452474003279406242=119,16,32,32
7543872340476286768=20,50.000004,4,4
7897037507854852026=20,54.000004,4,1.000000082740371e-08
8536883619824382224=119,10,31.999989999999997,6.000021
9053189491759247994=113,16,6,32
9230730947621277090=119,47.999982499999994,32.00000800000001,6.000021500000003
Invalidelements=3544006609,3078891448,3572815713,4269202142,1803507073,2851086303,1479194917,985431719,908630583,1855376108,3792433551,4252891726,550016314,3503931306,3625436988
LastModified=1765309939
NaturalSize=157,64

[/usr/share/plasma/desktoptheme/default/solid/widgets/panel-background.svgz]
10160423281430448276=47,16,16,32
10348789703330208038=95,0,16,16
10409001301268628996=113,48,6,6
11246630534509355670=0,10,6,6
11599236979934763475=6,48,32,6
12012231345193284377=151,48,6,6
12810320860225008422=47,0,16,16
1315689700636049534=47,33,10,2
14065178038417747631=119,16,32,32
14631672251221480159=38,16,6,32
14858735396285861489=40,30,4,4
14875723006251929843=47,48,16,16
150312110144674646=6,16,32,32
15194444991956700456=151,10,6,6
15619380802762317962=38,10,6,6
15663980889062452489=38,48,6,6
15760808287328940824=0,30,9.9999999e-09,4
15945833796257295186=0,48,6,6
16475985890115172329=20,10,4,4
16619273556286949555=20,10,4,9.99999905104687e-09
17374248237190837056=119,47.9999785,32.00000800000001,6.000021500000003
17869807522587268540=101,29,10,2
2504681929734968280=63,48,32,16
2649376850256987001=0,0,5,5
2689273744819560154=0,30,4,4
323157945221143337=0,16,6,32
3294086552581522469=80,54,2,10
4593069409136251198=95,48,16,16
5841870006015987157=47,29,10,2
6011311237325809774=63,16,32,32
6230786646494524934=101,33,10,2
6235450191881693236=44,30,1.000000082740371e-08,4
6238015390021548035=119,10,31.999989999999997,6.000021
6735315239894480029=76,0,2,10
728564727997390012=80,0,2,10
7771921238563029099=113,16,6,32
8251127561546014727=151,16,6,32
8482723684722105956=6,10,32,6
8584890239862073198=76,54,2,10
8793489965122886405=95,16,16,32
8828173546175240424=20,54,4,1.000000082740371e-08
8922300376719447101=20,50,4,4
9436202679604801434=113,10,6,6
9966282300275944687=63,0,32,16
Invalidelements=3091118622,958421277,3511147995,889823032,18064352,2615136921,1873224118,3826832668,366565080,1530019015,1353642108,2592840997,181514129,1664836251,1013451676,2150895462
LastModified=1765309939
NaturalSize=157,64

[/usr/share/plasma/desktoptheme/default/solid/widgets/tooltip.svgz]
10680040875635013764=6,48,32,6
10794484545886532272=63,48,32,16
11325376304597596166=0,30,9.9999999e-09,4
11356288920651166527=20,10,4,4
11506524468669207297=63,0,32,16
1192029681449908800=0,30,4,4
1340848360171590906=76,54,2,10
1458335798722543176=95,16,16,32
16102514603597910362=6,10,32,6
16462545368147559095=20,50,4,4
1716697949702310453=20,10,4,9.99999905104687e-09
17765664692382027673=44,30,1.000000082740371e-08,4
18010834538345207592=47,29,10,2
18364413832249409226=63,16,32,32
1867193102013905657=80,0,2,10
2576371975546079593=101,33,10,2
2849376586544763340=76,0,2,10
3941523723950376380=47,33,10,2
5788148185512348634=0,0,5,5
7007907934783626200=101,29,10,2
7703221885863325056=20,54,4,1.000000082740371e-08
8305260689345084338=47,16,16,32
8375605049155995726=80,54,2,10
9397659167772531279=0,16,6,32
9398299440301373422=38,16,6,32
9655852347724999827=40,30,4,4
Invalidelements=4233107088,1458532037,2637885794,4193562581,1020322143,804675964,74106743,1803534506
LastModified=1765309939
NaturalSize=157,64

[/usr/share/plasma/desktoptheme/default/translucent/dialogs/background.svgz]
10436247520768229989=113,47.999999,6,6
10911378570885349520=76,0,2,10
11332147933019705072=63.000002,47.999999,31.999999999999993,16
1143857273725759155=0,29.999998,9.9999999e-09,4.0000000000000036
12686631879444088676=95.000002,15.999999,16,32
12732778722461816604=20,10,4,9.99999905104687e-09
14494794631012101865=2.0288086e-06,9.999999,6,6
14720613602615897907=119,16,32,32
14762209040930012228=95.000002,-9.999999992515995e-07,16,16
15467351939948147609=63.000002,0,31.999999999999993,16
15808321363752518699=151,47.999999,6,6
15896649227054783575=95.000002,47.999999,16,16
16598239316069679614=76,54,2,10
16683728591351129616=2.0288086e-06,47.999999,6,6
16741207573217083230=44,29.999998,1.000000082740371e-08,4.0000000000000036
17799540478223952342=20,10,4,4
18108985679683343644=6.000002,47.999999,32,6
18426379119586837066=6.000002,15.999999,32,32
1950733015443121794=47,28.999998,10,2
2348097282703977617=151,16,6,32
269243172742559456=40,29.999998,4,4.0000000000000036
2990215179382640557=101,33,10,2
3979840372113099176=2.0288086e-06,15.999999,6,32
4099573112402080748=47.000002,15.999999,16,32
4243541743406610366=119,10,31.999989999999997,6.000021
4291923049857224385=38.000002,47.999999,6,6
4974074206139602392=47.000002,47.999999,16,16
5186869755887133912=119,47.9999785,32.00000800000001,6.000021500000003
5863701800288506425=113,9.999999,6,6
5932188908771873909=38.000002,9.999999,6,6
6246450424905670109=20,50,4,4
6794045196410517389=6.000002,9.999999,32,6
7621052524333769007=0,29.999998,4,4.0000000000000036
7998321654327620696=151,9.999999,6,6
8010098567975478602=0,0,5,5
8422875954978792088=38.000002,15.999999,6,32
8620457078109180230=113,16,6,32
8810725061266496238=20,54,4,1.000000082740371e-08
9668061722409240216=47.000002,-9.999999992515995e-07,16,16
Invalidelements=1832563645,3082991049,2764734197,244267151,1573387525,323323865,1336007697,2230456447,1888607232,858494615,4277072184,2295198837,2015279896,2692003412,2568921372
LastModified=1765309939
NaturalSize=157,64

[/usr/share/plasma/desktoptheme/default/translucent/widgets/background.svgz]
11232187160488801357=1,44.062355,14,4
13009715660264488399=34,67,4,8
13282451387163727576=1,49,8,4
13890629642067706435=13.00001200692786,63.00000000000003,32.00045319307214,11.999799999999993
14548314407059952772=1.0000119999999981,62.99939,12.000453,12.000610000000002
14601882836451027202=13.00001199313462,19,32.00045120686538,11.999400000000009
16530176266802744543=1.000012,18.99999999999997,12.000453,12
17552460610020670066=45.00001,62.99939,12,12.000610000000002
17721789289079071405=43,44,14,4
2899942648985287816=5,8.625,5,4.375
3074727553083090109=1.00000399999999,30.999396500000046,12.000001999999995,32.000591269239976
3573804200700420296=28,19,4,14
4023760395567665031=28,61,4,14
7036971407423464735=34,19,4,8
8972257599583297040=49,49,8,4
9751475032694583101=13.00045599999999,30.99938283906272,31.999997999999987,32.00000062694244
9878376936424284871=45.000465000000005,30.999396500000046,11.999541999999991,32.000591269239976
Invalidelements=1106869484,3250613250,3532075598,2600015729
LastModified=1765309939
NaturalSize=148,148

[/usr/share/plasma/desktoptheme/default/translucent/widgets/panel-background.svgz]
10072955895729317951=119,47.99997854233,32.00000762939999,6.000021457670002
10192041857593655322=6,48,32,6
10371651618250232464=76,0,2,10
10491074286656412321=95,0,16,16
11095654506893681416=0,48,6,6
1126041039971359617=20,50,4,4
11726619168147411931=113,48,6,6
12025910682101214511=6,10,32,6
12170360906833185518=95,16,16,32
13488100853462140370=38,69,4,8
13699609490965458122=20,54,4,1.000000082740371e-08
14144223864888553836=20,10,4,1.000000082740371e-08
14167556565867051896=101,33,10,2
15167533942551137144=39,105,4,8
15401308898812130768=63,48,32,16
16104200721127205584=20,10,4,4
1611275563988433534=151,10,6,6
16324517421903945485=44,30,1.000000082740371e-08,4
16730635004052514787=38,10,6,6
17247835619945269104=63,0,32,16
18004622887001716120=6,16,32,32
18254047620597968589=119,16,32,32
18375154434245699348=40,30,4,4
2461923802763333570=0,30,4,4
2749404944620666868=119,10,31.99999046330001,6.000020980830001
343686484531985795=47,48,16,16
4162953635215115740=113,16,6,32
4998312719844958602=48,95,8,4
5322216695669644297=151,16,6,32
5618840941209020513=38,16,6,32
5678422674888956907=0,16,6,32
5992310140160874282=113,10,6,6
689209658203559135=76,54,2,10
7072837002504723217=95,48,16,16
7323254944910314053=38,48,6,6
7539161558694062869=151,48,6,6
8912730900174582559=47,0,16,16
8947512006501102232=0,0,5,5
9064660616655762257=12,95,8,4
912455702219902952=0,30,9.99999993923e-09,4
9232391365889426751=0,10,6,6
931180921669697324=47,29,10,2
9735775032125573499=19,75,32,32
9877574540281741981=47,16,16,32
Invalidelements=822561996,73618911,2826587048,3791920462,3676082325,804962930,787231037,4235479885,264365855,1886710558,1055661712,3513188337,3143265390,2953206816,3041855696,1502714916,2806501727,1167145312,164565958,2446397423,46844052,2367949532,699562701,918857065,729752494,2765644944,2636141350,757352067,3509831889,1209052891,4132566034,1050069926,3212480471
LastModified=1765309939
NaturalSize=157,64

[/usr/share/plasma/desktoptheme/default/translucent/widgets/tooltip.svgz]
10400786421438695465=38.000002,15.999999,6,32
11466684209735853702=80,0,2,10
11640197709041121303=101,29,10,2
11863577356291588522=119,10,31.999989999999997,6.000021
12186730957567473130=113,10,6,6
12559900540152982074=0,29.999998,9.9999999e-09,4.0000000000000036
13086177560468061888=63,16,32,32
13088688803618358294=38.000002,9.999999,6,6
13701268098728406899=20,10,4,9.99999905104687e-09
13726075968189742644=63,48,32,16
13962651420649783626=2e-06,9.999999,6,6
14024873197118695243=0,29.999998,4,4.0000000000000036
14170756788141526169=113,48,6,6
14419881501204651946=47,29,10,2
14566930387952104069=47,0,16,16
15412811764357682419=151,10,6,6
15769221351499148497=6.000002,47.999999,32,6
15942554686993915060=76,0,2,10
16198706933331664696=47,48,16,16
16273433144744522084=63,0,32,16
16433741167336118629=95,48,16,16
18125545703704445644=47,16,16,32
18176557174023049142=40,29.999998,4,4.0000000000000036
2221015564179863300=119,47.9999785,32.00000800000001,6.000021500000003
2964038013054484538=2e-06,15.999999,6,32
3543406120792684232=20,50,4,4
3733725157967518852=2e-06,47.999999,6,6
3818516863184530888=151,16,6,32
4997606871439455638=6.000002,9.999999,32,6
5096615995479190368=95,16,16,32
6319079198860605118=0,0,5,5
6357074331848279451=20,10,4,4
6400060698821612548=6.000002,15.999999,32,32
6477977845155746471=20,54,4,1.000000082740371e-08
6602400851379412674=113,16,6,32
6709949732464552831=119,16,32,32
6797589911523221990=101,33,10,2
6965987739726051514=76,54,2,10
6984276247026397282=44,29.999998,1.000000082740371e-08,4.0000000000000036
7908742033522349695=151,48,6,6
8921215326475783334=95,0,16,16
9223684057511829752=80,54,2,10
9404299385654083512=38.000002,47.999999,6,6
9762532866078947164=47,33,10,2
Invalidelements=4267183932,3700330431,2958864115,1286604771,3211229395,1871968010,910462984,1602545902,2743935793,4266145484,1022133747,3525614528,467322498,454507264,1090012248
LastModified=1765309939
NaturalSize=157,64

[/usr/share/plasma/desktoptheme/default/weather/wind-arrows.svgz]
NaturalSize=88,110

[/usr/share/plasma/desktoptheme/default/widgets/action-overlays.svgz]
NaturalSize=136,136

[/usr/share/plasma/desktoptheme/default/widgets/arrows.svgz]
17295665736119725429=15.000004000000002,30.000002999999992,13.999992999999998,13.999995000000013
LastModified=1765309939
NaturalSize=44,44

[/usr/share/plasma/desktoptheme/default/widgets/background.svgz]
11499191869343815228=43,44,14,4
11937477258495565259=13.00001200692786,63.00000000000003,32.00045319307214,11.999799999999993
13930502521814878841=1.00000399999999,30.999396500000046,12.000001999999995,32.000591269239976
16902562413603536762=1,49,8,4
17361386453058756220=13.00001199313462,19,32.00045120686538,11.999400000000009
17932778915589177564=45.000465000000005,30.999396500000046,11.999541999999991,32.000591269239976
1859887655963507928=28,19,4,14
2178184336656239088=5,8.625,5,4.375
2574238597471692584=28,61,4,14
2784771828901530205=34,19,4,8
3797261540728293086=49,49,8,4
6390478559275035330=1,44.062355,14,4
6984260042018253476=34,67,4,8
Invalidelements=660753641,1091773846,353870340,154802613
LastModified=1765309939
NaturalSize=148,148

[/usr/share/plasma/desktoptheme/default/widgets/bar_meter_horizontal.svgz]
11597152564384017978=0,2,4,4
11969443816940271188=4,6,3,3
12549591820808966875=11,6,3,3
12924851560576609252=15,14,3,3
13003846788789143137=19,6,3,3
15947867973037076462=11,10,3,3
16128275239398450650=19,10,3,3
16235461738366242594=4,14,3,3
17493351072471602187=8,14,3,3
18369556244979619056=15,6,3,3
2071561162943764806=11,14,3,3
3302349120333302373=0,6,3,3
3418009318342518250=0,14,3,3
4714059229121844250=15,10,3,3
4994274645878019497=19,14,3,3
5011882383661938629=8,10,3,3
6607896016353840777=0,10,3,3
7320445370439478701=4,10,3,3
8485476055027285679=8,6,3,3
9064936751424791525=6,0,6,6
Invalidelements=1587529201,1815352634,696212423,2872488956,4208844498,2324829820,532681982,3123019948,3307197149,101399326,27367634,4247482260,756811569,117634119,2161322111,1495285421,750419712,1644939619,1475260215,3233898156,1340108446,2530361602,2878986182,2807050914,3449722528,1765837663,786587411,2521670638,2885553399,2793095261,719843093,2968453608,528863483,1183448044,3841919902,2671338720,730608598,169802094,4284967074
LastModified=1765309939
NaturalSize=22,17

[/usr/share/plasma/desktoptheme/default/widgets/busywidget.svgz]
16857077583633674863=-3.600000010317572e-07,0,35.983334,35.98333400000001
3927836850734120789=51.329166,279.53748,5.820833700000001,5.82083369999998
7354716179966908040=58.472801,281.12497,4.233333600000002,4.23333359999998
Invalidelements=4255839600
LastModified=1765309939
NaturalSize=136,136
busywidget=6x6,4x4,6x6,4x4,6x6,4x4,

[/usr/share/plasma/desktoptheme/default/widgets/button.svgz]
1001626726248676027=263,138,7,7
10035278341493599883=263,165,7,7
10078108766280840560=263,102,5,5
1012594630727423405=174,129,5.000000000000028,5
10269062707305593102=190,176,2,6
10568664212478688504=58,70,18,18
10684325084788581646=263,178,5,5
10722883650474285736=182,70,18,18
10755488877866645206=238,178,5,5
10857375328129954547=171,53,8,8
11177750781790865346=203,167.00000000051,7,7
11219177834401447122=264,192,4,2
11324794872885918985=244,102,18,5
11384358194670434633=203,136,7,7
116030857680145999=50,62,5,5
11645177635693357967=190,204,2,6
11802754716287729100=238,192,4,2
11818420897247237484=202,78,6,2
12004088840878475720=174,184,5,18
1212913074114202512=263,145.99999618000004,7,18.00000001800001
12228501490078131099=252,102,2,4
12332940994679172033=264,116,4,2
1238092411420250287=244,146,18,18
12505979670430056220=182,176,18,5
12640574895279436600=263,108,5,18
12646502188672852580=244,138,18,7
12715349689853205401=190,90,2,6
12842823842117114764=203,146,7,18
13101878491306048903=208,40,3,2
13103296024134432788=236,154,2,2
1320986915191319448=174,176,5,5
1383766012465005147=262.99999999999994,127,5.000000000000057,5
13903537688670149587=50,91,5,5
13984572658274833502=244,127,18,5
14090004473758602461=238,184,5,18
14139470911533470840=190,134,2,0.0010000000000047748
1438735184600319695=171,32,8,18
14769793729471849973=182,32,18,18
14928549139921218942=172,146,7,18
15337382086053597837=182,100,18,5
15399406829868142345=252,178,2,4
15901382793244534056=190,172,2,2
16106403221614687019=174,108,5,18
16143344002506569369=174,62,5,5
16248442486225584504=244,108,18,18
16416271384348597956=182,167,18,7
16417693346003493370=182,62,18,5
16629712994407498641=50,70,5,18
16663938063082825565=174,78,6,2
17101534869024332277=244,165,18,7
17112283792188147325=263,184,5,18
17359889780094846846=203,108,5,18
17644349546657472246=236,146,7,18
17677317245486167098=238,116,4,2
17705507903161509983=174.00000000000003,100,4.999999999999972,5
17874006853654846456=202,192,6,2
1825238657034989351=79,91,5,5
1899469213377163862=58,62,18,5
2034857438671271815=-12,192,3.9999999000000006,4
2688141080627600410=238,108,5,18
290736082289556626=79,70,5,18
2914618925064747946=238,203,5,5
3433765845625329679=203,91,5,5
3523473803301759297=190,136,2,2
3681461526958246430=182,205,18,5
3702345807648864346=203,62,5,5
374710779829325003=174,205,5,5
3860444125370600266=174,91,5,5
3928858584750770556=208,154,2,2
3962741767370197526=190,62,2,6
4039758558873374224=203,21,8,8
4048295067500980217=203.000000001,176,5,5
4202570266663037200=244,203,18,5
4217581928591646876=244,178,18,5
4323001320699906605=182,91,18,5
4406631645157965824=263,203,5,5
4421651526652446940=174,70,5,18
4496884690062406303=203,70,5,18
4523201551985463434=182,136,18,7
4533184750984163337=182,146,18,18
486896462735636861=252,204,2,4
5203339662339460840=-12,76,3.9999999000000006,4
5288658683347381365=58,91,18,5
5504689881139363426=190,21,2,3
5944528735185698440=171,40,3,2
5952929380365222957=182,53,18,7.999999999999993
6253465312659960407=182,21,18,8
6290768929300914481=203,31.999998912499997,8,18.000001718478302
6355101414719435940=79,62,5,5
6468384654275369015=172,136,7,7
6546228599303322730=171,21,8,8
6739876200309223553=238,102,5,5
6958629872184304362=190,58,2,3
714956356009386993=236,138,7,7
7350283909966247849=208,116,0.0010000000000047748,2
7486639440737606132=252,170,2,2
7555101969030578020=236,165,7,7
7706434593231451104=182,129,18,5
8006548258954845468=244,184,18,18
8110142243359610529=172,167,7,7
8212827107232524366=203,129,5,5
8318061850068794259=203,184,5,18
833776466479858506=252,138,2,2
8338620896205663671=190,100,2,0.0010000000000047748
8591654707143770514=203,100,5,5.000000000000014
8721479390862517934=182,184,18,18
8751579138530475898=238,127,5.000000000000028,5
8790202831431433669=252,128,2,4
9029328513961276097=182,108,18,18
9115262152821462944=268,154,2,2
9118458025715341730=174,192,6,2
9231524043445852811=202.99999999800002,204.99999999800002,5,5
9423681130896857311=174,116,0.0010000000000047748,2
948049063268181871=172,154,2,2
9840056980778613263=203,53,8,8
Invalidelements=3333662443,3949437438,3157228938,1001200637,2522131039,609932517,4252171953,986541191,610910323,4131296859,1810821860,1727753150,3710572445,2203408520,2479796611,2719261627,219092372,2159414172,3724322809,1174671960,799178531,1375087844,2111291814,1817015096,2630665091,1225852978,575620027,896851716,31443151,3866952218,1804338702,1934005207,158778121,955053573,3306820249,3593915902,3105265006,3725730941,2354503344,2190178285,606467540,3078844803,2226231337,248060089,1247597100,4122839489,3644530173,1801189363,4208163222,529773312,2072394204,3433485396,3061515886,4021598410,2932715055,1778317049,3704005412,3538834675,2433851228,2732846767,1677521062,2937239772,2737125643,1397430746,1486626121,938187548,250159001,3474406347,1682052964,268527209,653731184,890439508,1679110156,2997241019,1237274316,4079893178,2746094734,817898351,2213823392,1688489902,153938310,4095151123,1079112519,1051494861,1631276310,3527120893,4086986967,547584223,1393560031,4183813407,1342166010,4165183765,858943218,1685001997,1731186016,3261336743,1239660678,3531485086,2008785642,1204763666,1583424452
LastModified=1765309939
NaturalSize=288,224

[/usr/share/plasma/desktoptheme/default/widgets/line.svgz]
11487993981587521691=0,0,1,1
8663549675308819065=2,0,1,1
LastModified=1765309939
NaturalSize=3,1

[/usr/share/plasma/desktoptheme/default/widgets/lineedit.svgz]
1008734814146795212=40,39.9990005493,2,0.0010000000474974513
1116051957396050658=75.00000000099999,40,5,5
11416472648726333578=75.0000000011,44.999999999844995,5,20.00000000005
11610274608449166900=0,40,5,5
12366450554314648329=80,54,0.0010000000474974513,2
12480396511247304433=74,14,6,2
12483724501590984181=0,65.0000000001,5,5
12503147597301032511=75.00000000040001,84.99999999984499,5,20.000000000050008
12979720923890540000=-0.0010000000475,94,0.0010000000475,2
13451315532743640137=4.999994477540739,40,69.9999969523904,5
13690556326986648522=-2.000000001000018,118.000000451,7.000000000000028,7
14108923060155176501=75,25,5,5
14167014504712980397=75,65,5,5
14464355823925732275=-2.00099992752,134.00100708,2,2
14750965762027344482=0,-4,2.03293180466,2.07712602615
14889810699930690146=0,0,5,5
14965401002589614137=4.9999990000000025,145,70.0000039880952,7.0000009999999975
15458754768693223372=-0.0010000000475,54,0.0010000000475,2
15696467059518379571=0,25.000000000100002,5,5
16473332593703851869=80,134.00100708,2,2
16717888420696591909=4,-4,2.0329318046600005,2.07712602615
16722956255777743805=0,44.999999999844995,5,20.00000000005
17065395921995431217=40,150.00100708,2,2
17187156977079106116=40,79.9990005493,2,0.0010000000474974513
17387229023315830138=75.00000000040001,124.999999450845,7,20.00100000005
17537622037934343814=4.999995559359405,118.001,70.0000048406406,7
1758987000392880670=40,118,2,2
18148988822334716723=0,5.000000000044999,5,20.00000000005
18430577403121995377=40,24,2,6
1931328671761547327=4.999994477540739,0,69.9999969523904,5
2032164670416980288=80,94,0.0010000000474974513,2
209541378194927599=-9.999894245993346e-10,105.0000000001,5,5
2119411090204222151=4.999994476540735,25.000000000100002,70.00000400000945,5
2238457139170344922=8,48,64,14
2295468675119328215=75.0000000011,5.000000000044999,5,20.00000000005
2566698218718388200=0,14,6,1.9999999000000006
2944263516522451817=4.999994476540735,65.0000000001,69.9999969523904,5
3606939303356365867=40,110,2,0.0010000000474974513
3819703710951582060=-9.999894245993346e-10,80,5,5
387466560802689745=4.999994476540735,105.0000000001,70.00000400000947,5
3981444325253713762=75,105,5,5
398479973109935595=8,128,64,13.999991999999992
5110316062449550472=-2.000000001000018,145.00099945099998,7.000000000000028,7
5748881147477456829=75,145.0009994506,7.000000000000028,7
6538613737167079737=-5.000018177270249e-10,84.99999999984499,5,20.000000000050008
6707669587588281737=4.999994476540735,80,70.00000400000945,5
784965860581914377=75.00000000099999,0,5,5
7869422982328631203=75,118.000000451,7,7
7970585336046973044=8,88,64,14
8197441099363625008=75,80,5,5
8661211777555693522=40,70,2,0.0010000000474974513
9324777365278770935=40,0,2,6
9548921552814319005=8,8,64,14
9617028429334821616=-2,125.0000000393233,7,20.001001535676707
Invalidelements=1229285317,1645842725,1455638726,2919200161,3961520659,2645107364,3176083615,226064619,3748158263,4063414437,2821136758,2083013655,503355110,1466500990,1276554765,1505773599,2248979149,2846136405,488245928,2590870182,2823449645,2609886428,1866365002,4155860798,3223597310,1477289399,281935259,1750368746,518890437,615578274,2965170652,1015493102,544955401,4177499841,19991394,1652833309,547522139,1332656628,2368227736,2905001108,2296948879,4246873214,346503770,353556042,2630621142,3825814032,365402952
LastModified=1765309939
NaturalSize=80,30

[/usr/share/plasma/desktoptheme/default/widgets/listitem.svgz]
11092112642782399723=22.000002222222214,53.00033500000001,2.000297777777785,11
11243911238204436398=29,67,2,6
11323643861321817893=23.999959999999998,51.00000022222222,11.00126257523478,2.0003447777777836
11667888530410996651=70.9997,7.3841577,2.000296888888883,11.000005300000002
12865910202526398752=24,64,11,2
12915511720183437295=34.999964,64.00000022222221,2.000036069150859,1.9999997777777878
13231309275562961469=28,44,2,6
14109909441294349654=21.999964000000002,64.00000022222221,2.0000360691508554,1.9999997777777878
15023134376241250990=17,58,6,2
16193387169373771298=71.00000000000001,18.38379822222222,2.000036926144631,2.0003447777777765
16292761541666775955=-10,-10,2.0329318,2.077126
16725730995775550041=71.00000000000001,5.383812922222221,2.000036926144631,2.0003447777777783
2040288963627205672=35,53.000345,2.000296888888883,11.000000000000007
2044428652604966037=60,18.384143,11,2
3081353299986976387=59.99965999999999,5.383812922222221,11.001528480661094,2.0003447777777783
5142662869873974194=34.999964,51.000345222222215,2.000036069150859,1.9999997777777807
5577882711447396=57.999623,5.383812922222221,2.000036926144645,2.0003447777777783
5668488645840895774=58,18.38379822222222,2.000036926144645,2.0003447777777765
5735112532976454192=21.999924000000004,51.00000022222222,2.0000360691508483,2.0003447777777836
6223916065386703433=38,58,6,2
6340195132659337466=24,53.000345,10.999999000000003,11.000000000000007
6836983907158285610=59.9997,7.3841577,10.999998999999995,11.000005300000002
9354901311943384740=57.99970222222221,7.3841427,2.0002977777777886,11.0000053
Invalidelements=1663867756,1476080435,3387844804,1023597819,3552911199,1289546487,522289537,930168020,2999946949,2049932962,1357617945,2934563378,284104572,3652514293,3884483382,3735152520,1739467187,1470900563,3455134543,3925858459,578254767,3726189865,1932479248,4004751249,255514472,1303439629,7576409,1829861993,248867137,1067310821,2838157136,3432304203,801903982,3764289938,853086358
LastModified=1765309939
NaturalSize=128,300

[/usr/share/plasma/desktoptheme/default/widgets/margins-highlight.svgz]
11662476094875826843=1,1.0125199999999381,4,4
16880154483448991261=1,5.012520000000109,4,4
8517922920818767168=10.029290000000003,1,4,4
Invalidelements=904921647,2389860700,2723954479,1932341868
LastModified=1765309939
NaturalSize=15,10

[/usr/share/plasma/desktoptheme/default/widgets/pager.svgz]
1027651588651747252=-14,14,1,7
10791210441668864531=-3,14,1,7
11732945807884074399=-13,33,10,1
11803736948980763348=-13,13,10,1
13208353111946782909=-14,1.9999998,1,6.999999999999999
13230925835011738129=-13,26,10,7
14967236530514584846=-13,14,10,7
16159862155254406952=-14,26,1,7
16643254392470031996=-13,1.9999998,10,6.999999999999999
1732717119454663764=-13,21,10,1
1955857605466779020=-3,1.9999998,1,6.999999999999999
2191399596330339555=-3,26,1,7
3912557187103971000=-13,9,10,1
4144850239685483607=-13,25,10,1
4190914871569351866=-13,0.99999982,10,1
961935754530087988=1.1607215,1.2080072,1.0000000000000002,0.9941440799999999
Invalidelements=3997310957,2026094846,2843502001,1314478519,2080412783,2981149975,1829893195,1633873009,2115968637,3557398294,1002718399,3827082100,2768260699,3706105470,373164407,2737427831,2309138658,3305484579,859331428,3483505548,1251960806,2597578034,3975194609,2184040248,1308360004,458496815,2213665232,2622555898,2881210439,3694272607,812965169,1914923824,3516627352,1194273619,3109253189,2342111130,4019207393,2660054672
LastModified=1765309939
NaturalSize=50,50

[/usr/share/plasma/desktoptheme/default/widgets/panel-background.svgz]
10315658169435691918=113,10,6,6
10471564725280017867=38,16,6,32
10653832220746838724=6,48,32,6
11157536626463263874=151,16,6,32
11277200985876624371=48,95,8,4
1158170740441116543=0,16,6,32
12008215774349360619=95,48,16,16
12113049768424304480=95,16,16,32
12639069887411460577=113,16,6,32
13002761020663044568=38,48,6,6
13921764110426816031=63,48,32,16
14118166015426094502=151,10,6,6
14663277898191686658=20,50,4,4
15315110245478995274=0,0,5,5
17488304183353250712=47,48,16,16
17721626941115327402=119,16,32,32
18217507419725621501=20,54,4,1.000000082740371e-08
1898036230698934613=47,0,16,16
2179166623686343932=38,10,6,6
2357006107787877188=151,48,6,6
2514105196787965169=40,30,4,4
2781912049310666525=6,10,32,6
3125061737846446471=0,30,9.9999999e-09,4
3800120263684600498=101,33,10,2
3998594622393433693=119,47.9999785,32.00000800000001,6.000021500000003
4206286194493018091=47,16,16,32
4868620566155979912=6,16,32,32
5313591357461143525=76,54,2,10
578705774519647765=113,48,6,6
6137780816962035905=47,29,10,2
6193352874110785969=39,105,4,8
6311275065099736531=38,69,4,8
6755220738871310636=0,30,4,4
724348960102053558=20,10,4,9.99999905104687e-09
7482736769447320087=0,10,6,6
761542983240589790=63,0,32,16
7691146232499773937=20,10,4,4
8046934491299358296=119,10,31.999989999999997,6.000021
8227424112867653228=76,0,2,10
8273024239576967460=95,0,16,16
8327607644635386690=12,95,8,4
9270179072661818706=19,75,32,32
9362720850277758670=44,30,1.000000082740371e-08,4
9479691876787415648=0,48,6,6
Invalidelements=2252082242,3881021105,1338399850,2145300060,4081598549,4134870860,1571174988,2574962153,3228881901,2122343795,2583232294,488456040,3186428295,1342025577,2588495684,3763875623,3394043736,4157863608,3575954479,661232098,1274719682,1168841782,4267886587,3566976548,3605323858,1598571022,3969275980,3611093645,4156254459,4056894612,3427738271,1229293027,1323972194
LastModified=1765309939
NaturalSize=157,64

[/usr/share/plasma/desktoptheme/default/widgets/plasmoidheading.svgz]
10583216166424208702=67,12,32,32
10843760978455276422=19,6,32,6
1141779625504367899=13,6,6,6
11986964049616089160=67,44,32,6
14254953140733063814=99,12,6,32
14724819387199831396=51,6,6,6
16418130272424559754=61,6,6,6
17356127781456153871=61,12,6,32
17804498133836223794=51,44,6,6
18444431623066169361=51,12,6,32
2014016668026465796=99,6,6,6
2886999584187082698=61,44,6,6
3507965648736321180=13,44,6,6
3672723244939185850=99,44,6,6
4095498785434888864=-7,-7,5,5
4354305196398300997=19,12,32,32
4569967613829961747=19,44,32,6
5385514974594827355=13,12,6,32
5660792682164766597=67,6,32,6
Invalidelements=1530984509,3875314345,1050369367,3102289498,4025976166,3128052718,2399360085,1755931063,2901817235,2276921468,59589680,4128264523,3175129685,1316549802,3608411485,2514652027,1263592428,10749883,360643179,294624552,824123916,2568496939,2530644799,1906813359,2114987772,1328203430
LastModified=1765309939
NaturalSize=173,56

[/usr/share/plasma/desktoptheme/default/widgets/radiobutton.svgz]
12537484901796403670=27,7,6,6
16447693402110883073=22,22,16,16
17976331855852922110=39,-2,22,22
2131837894304087370=40,20,20,20
6055771694925159875=2,2,16,16
6470782410126370007=2,22,16,16
LastModified=1765309939
NaturalSize=60,40

[/usr/share/plasma/desktoptheme/default/widgets/scrollbar.svgz]
10041100572414993374=10,6,3,3
10388189971296729796=0,10,6,3
10510892174901638031=35,14,3,3
10512199596455310785=46,-2,2,2
10707384439264237658=42,35,6,3
10714658079925173976=-32.8756103516,46.7764358521,2,2
10948467852571603055=14,39,3,3
11069072664178231335=10,31,3,3
11590376339197935409=39,10,3,3
11692133204464357159=17,35,6,3
12028306029440245673=31,39,3,3
12544142160599821682=10,14,3,3
12547185753144183441=6,39,3,3
12856984838386481993=14,14,3,3
13188776941251390080=10,25,3,6
13435018649688238288=25,35,6,3
13481620340038359691=52,4,6,6
13635114636385727157=35,17,3,6
14935086241829364625=39,6,3,3
16092083872545663936=35,39,3,3
1617612462054487344=31,10,3,3
16209771710566416303=39,39,3,3
16461784889833699174=35,0,3,6
1669317173374235064=39,35,3,3
16938219450494606594=35,31,3,3
17423875773681217499=10,10,3,3
17967487526924245860=31,6,3,3
18242664924007375870=35,42,3,6
18348547133722522375=6,14,3,3
18352677634190710196=14,35,3,3
2474635898553040557=31,14,3,3
2493518333583686297=10,0,3,6
2688584541532279674=42,10,6,3
3257446868601261275=35,25,3,6
3789563614152635536=35,35,3,3
3888305714296615130=10,35,3,3
3962589340812875013=39,14,3,3
4139460821113426066=6,35,3,3
4325973738224597138=14,10,3,3
4362673653891432453=35,6,3,3
4379017911890206132=10,17,3,6
4863326006010825791=14,31,3,3
492902442030732367=6,31,3,3
6002656036944097324=31,35,3,3
6029574295580834963=6,10,3,3
6070284646201335183=6,6,3,3
6096256209080525206=10,39,3,3
6642705792093204803=25,10,6,3
67400670550258948=10,42,3,6
7008116003409664162=31,31,3,3
703038921157446747=14,6,3,3
7133810369786866036=0,35,6,3
8481771504109401441=35,10,3,3
8485999639275563456=39,31,3,3
9744822025647556523=17,10,6,3
Invalidelements=1362935552,457774276,764683222,2821274639,2222160377,1301770448,4542783,2045762343,3809766446,527475901,50489990,1918425059,811869251,592904326,779752370,361720035,617677328,555346115,4050933701,368304,4162640276,4165380924,490607131,772890303,4146740860,4157562127,3347380838,3205350511,3954245739,922443384,1141627959,1135273326,529675583,1632698551,3014253309,2904309790,1913638114,994283542,1768076840
LastModified=1765309939
NaturalSize=48,48

[/usr/share/plasma/desktoptheme/default/widgets/slider.svgz]
10418356351090514145=7,15,3,3
10625667993082131312=15,36,3,3
1325640826445414273=95,97,26,26
13362589606612775183=7,7,3,3
14178260703978246597=15,32,3,3
14281955046904222487=11,7,3,3
15164456861881652830=11,36,3,3
15414257157423570660=7,40,3,3
15753235523451379398=42,6,20,20
15977270425237096904=11,32,3,3
16582878002396915196=15,11,3,3
16669937660335553464=15,36,3,3
16927307304319747759=15,15,3,3
17966701207944958290=7,11,3,3
1910552548480930025=7,32,3,3
1961333003873473734=7,36,3,3
2173918933962583363=7,36,3,3
2211343203341005033=11,11,3,3
226594018717420869=15,32,3,3
2947383488776232823=11,32,3,3
3705643844466107306=6.999999999967999,99.99999999956,19.999999999920007,19.999999999919993
3787857670516948124=11,40,3,3
4011040977190813950=7,40,3,3
4166868769390116437=15,40,3,3
5177963036496686214=40,100.000001,20,19.999999000000003
6058325414830699787=15,7,3,3
7286887549567963138=2.2599621,4.6594176,2.0329318,2.077126
7440821835908760130=2.2599621,4.6594176,2.0329318,2.077126
7776015005108375470=15,40,3,3
7848213168196416340=7,32,3,3
8000466621004810119=11,36,3,3
8501394887006297618=11,40,3,3
8791238880017915356=66,98,24,24
8899886006455936976=11,15,3,3
Invalidelements=3650099101,766379636,1922259337,870852745,2612990429,876799579,1795163589,4053056746,2854647808,3313101397,86427615,4106659963,1957071146,1827434566,95600382,3538662896,3049727214,3864319549,4039779737,612917597,1500546034,2818260621,2009120250,2062812896,1765406974,1605803897,1344359237,2621523564,4001030876,2290952976,31432833,2124408011,447443940,3351545931,2401837007,2894419851,2759784962,33296584,358146109,3843489051,3589970857,2061299861,2734341764,2512283100,1568550936,4150065253,1621531995,2432469897,66678567,1944554584,2049648010,3752337391,2425463525,2068777872,3905033704,1351669452,4291432274,3642719062,1203501616,2935755942,1481943204,1677879356,1293336923,2444560076,2539038089,1015764434
LastModified=1765309939
NaturalSize=128,128

[/usr/share/plasma/desktoptheme/default/widgets/switch.svgz]
11047776764290992943=70.3846155,33.384614699999986,28.000000599999993,28.000000600000007
11819752095494089977=19.000000149999998,-9.999999761589606e-08,7.999999949999999,16.000000199999995
12909269494429723225=5.999999900000002,-9.999999761589606e-08,8.000000049999999,16.000000199999995
14687511027034008257=0,7.0100002,4,4
16498469587342306681=43.00000015,0.009999900000002171,7.999999949999996,15.990000199999995
17834809559769771768=7,18,38,16
4534057634608948996=14,-9.999999761589606e-08,5,16.000000199999995
5259420533104692965=38,0.009999900000002171,5,15.990000199999995
5819879020368549155=52,8,26,26
7181728683637000764=29.999999900000002,0.009999900000002171,7.999999949999999,15.990000199999995
7698347938957863296=1,36,22,22
Invalidelements=1711104922,2686634571,548677224,3046875876,1587850022,4268410571,1080536110,2004315037,2465063396,3847138683,3830890440,2376198565,1256120737,75707043,191682826,2542116515,3707654551,2735766456,196617435,4070043040,1873925625,3993435453,3330602490,1934920637,3312734056,2185634645,2114570884,529342453,359608124,2314398165,957720801,1135615726,2143934190,3766696870,4099578746,2045190969,2922244110,3346014428,203804584,2124630097,1467965201,2599945800,728098714,4215314542,1834087177,641732760,3033225603,3576376001,3349829968,3088819212,295139500,3072403395
LastModified=1765309939
NaturalSize=51,59

[/usr/share/plasma/desktoptheme/default/widgets/tabbar.svgz]
10323338420053353582=313.758758545,220.362182617,5,10
11215558297951217175=363,210.36218,10,4
11764141074239819378=266.00001,431.36216,10,3.0000051999999755
12112695436270038279=367,218.36218,6,5
12957082064252325529=363,214.36218,10,12
1326448909636346390=276.00001,431.36216,80,3
14680493269876475753=-233.82362,467.12659,41.362885000000006,41.12067000000002
1512259482175697443=266,437.36215,6,5
15329504758971429108=356,431.36216,10.000009999999975,3.0000051999999755
15744718903443571368=356,434.36215,10,12
16678361573518783339=313.758758545,210.362182617,5,10
16967944033057116709=320.241241455,446.3621521,5,10
17059203305926678018=266,434.36215,10,12
17156696512653486045=360,437.36215,6,5
17480873562642864401=283,210.36218,80,4
2547898683756387712=273,210.36218,10,4
2708103875803350473=276,446.36215,80,4
3274615826534110400=276,434.36215,80,12
3422126005153438419=273,214.36218,10,12
4322888664095463083=273,218.36218,6,5
5549514393065156528=363,227.36218,10,3.000005200000004
7249125978952578937=283,227.36217000000002,80,3
7683213388678465491=283,214.362182617,80,20
9261773941977242501=273,227.36217000000002,10,3.0000051999999755
9350710778586279728=356,446.36215,10,4
9688869020876572838=320.241241455,431.3621521,5,10
9863027929930342455=266,446.36215,10,4
Invalidelements=796295296,1965338373,3851598607,3509593575,2245453378,1700075124,768014571,3936136978,1502078492,2584449289,3346024191,1541895589,822399637,3054287513,2338490387,2189313497,2610182497,2459735773,704281562,862885884,3867411220,2344257694,2459109364,3808848072,2270072981,3271986153,1929306461,154976733,1249609458,2404180156,1501746255,3721901920,2340572403
LastModified=1765309939
NaturalSize=744,1052

[/usr/share/plasma/desktoptheme/default/widgets/tasks.svgz]
10049956423330515659=31,84.999995,4,2.999989999999997
10587082448531973298=31,42.99999880000001,4,3.0000003999999976
10798511080856311327=31,79.999995,4,3
10977117530048571938=155.99999540000002,92.00000024444182,10.999999799999983,10.999999800005142
11252658275528788937=5,37.999998,26,3
11327930711065420676=1,87.99999,4,13
1158071955155616642=1,45.999998000000005,4,13
11606348447269994909=31,1,4,3
11613340685340662672=4.9999998,66.999994,25.99999992,13
11892682792797260850=31,106,4,2.999989999999997
12151171696952433663=1,64.000002,4,2.999994000000001
12848486684134624018=5,1,26,3
13120984399208357029=5,100.999993,26,3
13319745044150564906=5,106,26,2.999988000000002
13446908487979952041=31,24.999997999999998,4,13
1408130294134871664=31,38,4,3
14362972464804791433=30,51,4,4
14982421196798833436=31,4,4,13
15004798870850017752=5,79.999993,26,3
15457050164047617597=1,79.999994,4,3
15572057280766697857=31,58.999999,4,3
15627339137278663097=31,87.999993,4,13
16164001202369412338=4.9999998,24.999999000000003,25.99999992,13
16254126653502595981=31,121.999997,4,3
16699313613720416653=4.9999998,3.9999999999999996,25.99999992,13
17267118451145315566=4.9999998,45.999998,25.99999992,13
17267543089637403421=31,17,4,3
17340110844316911623=1,100.999994,4,3
18069864510400608486=1,37.999999,4,3
18151882238414995640=1,1,4,3
2290328358388166514=1,109,4,13
2329427101571080852=31,108.999992,4,13
2533821173575878400=2,51,4,4
2763814663510871383=31,45.999997,4,13
2976474702613021639=1,66.999994,4,13
3322865776896868182=31,63.999994,4,2.999994000000001
3364188082226244706=1,22,4,3
3399392860222171572=1,85,4,2.999989999999997
3419211157356344540=1,58.999998,4,3
3743280908694043191=31,21.9999995,4,2.999998999999999
3841063311885142024=31,66.999993,4,13
4203080059663622680=1,4,4,13
5262072178436759978=5,58.999997,26,3
5529335385998996293=16,43,4,4
5966560695901613470=1,106,4,2.999989999999997
6068251536097429590=5,121.999992,26,3
6222062985714521972=1,43.0000012,4,3.0000003999999976
6496735013247117443=1,25,4,13
6523832365013752108=5,17,26,3
6953339707962890839=16,58,4,4
7074088715741479458=31,100.999995,4,3
724005606548189972=5,42.999998000000005,26,3
7377270075919559330=1,121.99999,4,3
7619730549807103758=4.9999998,87.999994,25.99999992,13.000000000000014
8165632932698247042=4.9999998,108.99999,25.99999992,13
8569249338680160324=5,21.999999000000003,26,3.000001000000001
8911086381982566259=1,17,4,3
9430654821632936156=5,85,26,3
9824190780850678711=5,63.999998000000005,26,3
Invalidelements=4160532833,2459851972,1482794687,4237571261,1400471523,1402392423,384055796,2494160386,3967303394,2217739762,3176096056,2298666853,2787344669,1283285360,2370735492,2325733461,163189874,1701938170,3681217716,2697854475,3387865888,1647023854,1689434703,3835042274,3549905879,3933023896,4149973273,34221092,2648678803,2928420962,262595175,381750672,3821957980,1982124824,523094735,3994006155,184026175,2553782013,1239589132,464761608,1522974329,1461850910,1856387144,1258700870,4140086898,3456392165,868717090,3578860627,2748982925,2497858081,3048196392,409880751,675875817,3541730855,1187544735,3696084012,1047679488,880871535,25897463,1676683548,3687179996,2424233927,608138714,203669134,80431417,1742688002,160753465,2348012822,3818524090,527344097,1233174376,3245602365,3257760728,812408565,2298679376,2686261727,4104098716,1499021668,3063462641,1703252312,1637494600,3553264294,2956169241,3654012230,3327449445,1881006046,1611659214,1972159709,332757047,514723788,1710054242,2438052079,3675159064,2133989057,1765192159,40719380,1778164031,131779429,4066490597,359749942,2020889517,3238660251,381001998,4272684012,881409722,2850163305,2850254984
LastModified=1765309939
NaturalSize=144,126

[/usr/share/plasma/desktoptheme/default/widgets/tooltip.svgz]
1006089700828019285=6,16,32,32
10065753448308346294=0,30,9.9999999e-09,4
10745659169446570957=101,33,10,2
11082233007945039117=95,0,16,16
11413502642334210761=47,0,16,16
11571542716862848094=113,48,6,6
12130577653512020572=40,30,4,4
12996717970574682022=63,0,32,16
13286627268250083351=0,10,6,6
14129701579090616390=6,48,32,6
142779309281534665=63,48,32,16
14284021201365793220=38,16,6,32
14752163276034787335=47,29,10,2
14862539399173131345=0,30,4,4
16033926548065343679=0,16,6,32
16435930964378163707=38,10,6,6
17989259417883417465=63,16,32,32
18096236825640723260=6,10,32,6
1880532707797080471=0,0,5,5
2174847069728360422=38,48,6,6
2943919870660755319=151,16,6,32
2989704263005497151=101,29,10,2
305250186851083797=119,47.9999785,32.00000800000001,6.000021500000003
3059272366162125056=47,48,16,16
314189750608554813=47,33,10,2
3366822464573324233=44,30,1.000000082740371e-08,4
3960561514762941310=113,10,6,6
4102513233664400841=20,10,4,9.99999905104687e-09
4160849699970208387=20,50,4,4
4925975834023513150=151,10,6,6
5057126806358344468=119,16,32,32
5554901800116933124=119,10,31.999989999999997,6.000021
5572001089645079056=80,54,2,10
6010932100330217103=20,10,4,4
6040503380224468739=80,0,2,10
6694918286928001358=151,48,6,6
7455072497734808871=113,16,6,32
7634930988473903532=20,54,4,1.000000082740371e-08
7828202113090922091=47,16,16,32
7996859547507188749=76,54,2,10
863121557878774930=95,16,16,32
9207840350860784133=0,48,6,6
977718234878044236=95,48,16,16
9924168549150314927=76,0,2,10
Invalidelements=3753420497,2224111021,2623671454,1915556610,654628250,1310550057,550000662,288548912,194482701,2089626559,1717792988,765474082,1197681522,1066188964,701946473
LastModified=1765309939
NaturalSize=157,64

[/usr/share/plasma/desktoptheme/default/widgets/viewitem.svgz]
10836157416208394658=41,93.99999217607524,5,46.0000200743998
10962855808795651755=122.99998900407996,61.99999685862883,4.999999828570566,5.000000399871965
11019366612301115157=197,139.99999999999977,4.999999999999943,5.000000000000114
11068375748895762704=146,94.00001201887517,5,45.99999006457483
11527189060274137935=46,94,46,46
1166217200213977911=146,139.9999999999999,5,4.999999999999886
11744087592455674656=173.99999862367352,61.99999996715184,4.999998041428569,5.00000208486415
1181498214698094617=173.9999809521609,16.00006545878432,4.999999917600576,45.99999666264239
1212741531832559273=46.000001134563206,139.9999999999999,46.00000051134879,5
12560230840370941872=41,89,5,5
12608368492194770757=174.0000023912245,11.000028081746905,4.99999998749999,4.9998939653550565
13479636830911356393=92,140,5,5
14112288259850662572=146,89,5,5
14757316915738358387=122.99998900407996,16.00000712040037,4.999999828570566,45.99999906752248
16601211950753918570=92.00000000000006,94.0000013150609,5,46.000016066661374
16643828852212931430=127.99999835589199,62.000001838628805,46.00000051134879,5.000000399871965
1692070037470584407=127.999999970142,11.000028081746905,45.99999843089921,5.00000025164195
1717143174710339017=197,93.9999913147717,5.000009999999975,46.000016066661374
2386647311452001913=151.0000006322024,89,45.99999317980803,5
31747875694877560=197,89,5,5
338371283221977093=46.00000085385358,89,46.021998799519196,5
4401916510827186701=92.00000000000006,89,5,5
4739047699844841076=151,94,46,46
503011884229982187=41,140,5,5
5875621904869552489=151.0000001345632,140.0000000000001,46.00000051134879,5
6215016302876794932=122.99998900407996,11.000001567431184,4.999999828570566,5.000000249922209
8678881976199939074=49.928560000000004,-90.32326999999998,40,40
9771059409362088127=128,16,46,46
Invalidelements=4244442225,1194430541,3403879651,863374483,700748680,3625897778,1933846294,1740912043,32092424,2536325147,993110611,2165759286,1145654990,1199889257,2212973958,2027605783,1999443659,991392592,224232708,1248482736,853312129,3695396140,3254505337,2246287495,2696572254,2453415848,1305846044,368789892,872719704,1702374708,397693228,1000725413,3461686224,2255691942,231836048,3993201983,1576616971,1181700150,3949943622,1482641321,4281348430,2328504706,3626824740,3090682105,896639454,3962783539,2811964108,2131924378,595039819,267628763,1618231105
LastModified=1765309939
NaturalSize=257,161

[:/qt/qml/org/kde/kwin/tileseditor/qml/layouts.svg]
13590595152019601227=0,0,320,200
17079062937001814337=320,0,320,200
8234500692412884951=640,0,320,200
LastModified=1765558985
NaturalSize=960,200
